           1   3.14159282E-02   0.00000000       3.00000000
           2   6.28318563E-02   9.40959156E-02   2.98551416
           3   9.42477882E-02  0.187284440       2.94232297
           4  0.125663713      0.278674811       2.87121010
           5  0.157079637      0.367408395       2.77343130
           6  0.188495576      0.452672541       2.65064406
           7  0.219911501      0.533711851       2.50481963    
           8  0.251327425      0.609836578       2.33814740
           9  0.282743365      0.680427849       2.15293956
          10  0.314159274      0.744940221       1.95154178
          11  0.345575213      0.802901447       1.73625958
          12  0.376991153      0.853910387       1.50930071
          13  0.408407062      0.897633076       1.27273703
          14  0.439823002      0.933798313       1.02848518
          15  0.471238911      0.962192655      0.778304458
          16  0.502654850      0.982655525      0.523809791
          17  0.534070790      0.995075107      0.266497105
          18  0.565486729      0.999385297       7.77730346E-03
          19  0.596902609      0.995563328     -0.250983268
          20  0.628318548      0.983629346     -0.508419633
          21  0.659734488      0.963646948     -0.763124704
          22  0.691150427      0.935724974      -1.01360881
          23  0.722566366      0.900021017      -1.25826490
          24  0.753982306      0.856745183      -1.49534285
          25  0.785398185      0.806165099      -1.72293556
          26  0.816814125      0.748610795      -1.93898022
          27  0.848230064      0.684479296      -2.14127636
          28  0.879646003      0.614238501      -2.32752275
          29  0.911061943      0.538429439      -2.49537420
          30  0.942477822      0.457666546      -2.64251447
          31  0.973893762      0.372635454      -2.76674366
          32   1.00530970      0.284087867      -2.86607480
          33   1.03672564      0.192833245      -2.93882895
          34   1.06814158       9.97278318E-02  -2.98372436
          35   1.09955752       5.66090643E-03  -2.99994731
          36   1.13097346      -8.84606913E-02  -2.98719931
          37   1.16238940     -0.181729108      -2.94571519
          38   1.19380522     -0.273252100      -2.87624836
          39   1.22522116     -0.362168700      -2.78002810
          40   1.25663710     -0.447663158      -2.65868998
          41   1.28805304     -0.528976381      -2.51418900
          42   1.31946898     -0.605414450      -2.34870458
          43   1.35088491     -0.676354170      -2.16454363
          44   1.38230085     -0.741245687      -1.96405244
          45   1.41371679     -0.799612403      -1.74954069
          46   1.44513273     -0.851048946      -1.52322328
          47   1.47654867     -0.895217538      -1.28718090
          48   1.50796461     -0.931843281      -1.04333973
          49   1.53938043     -0.960709393     -0.793468237
          50   1.57079637     -0.981652260     -0.539189458
          51   1.60221231     -0.994557261     -0.282005578
          52   1.63362825     -0.999355555      -2.33315229E-02
          53   1.66504419     -0.996021926      0.235464901
          54   1.69646013     -0.984573841      0.493019849
          55   1.72787607     -0.965072215      0.747929990
          56   1.75929201     -0.937623203      0.998711586
          57   1.79070795     -0.902381241       1.24376547
          58   1.82212389     -0.859553277       1.48135078
          59   1.85353971     -0.809403300       1.70956993
          60   1.88495564     -0.752257407       1.92636907
          61   1.91637158     -0.688508511       2.12955499
          62   1.94778752     -0.618620157       2.31683159
          63   1.97920346     -0.543128908       2.48585391
          64   2.01061940     -0.462644905       2.63430166
          65   2.04203534     -0.377849609       2.75996566
          66   2.07345128     -0.289490938       2.86084318
          67   2.10486722     -0.198375165       2.93523431
          68   2.13628316     -0.105356097       2.98183084
          69   2.16769910      -1.13214478E-02   2.99978948
          70   2.19911504       8.28225389E-02   2.98878026
          71   2.23053098      0.176167592       2.94900584
          72   2.26194692      0.267820060       2.88118958
          73   2.29336286      0.356916726       2.78653383
          74   2.32477880      0.442638755       2.66665196
          75   2.35619450      0.524223387       2.52348256
          76   2.38761044      0.600972593       2.35919428
          77   2.41902637      0.672258854       2.17608905
          78   2.45044231      0.737527788       1.97651291
          79   2.48185825      0.796298563       1.76277959
          80   2.51327419      0.848161578       1.53711104
          81   2.54469013      0.892775059       1.30159688
          82   2.57610607      0.929860532       1.05817270
          83   2.60752201      0.959197819      0.808616221
          84   2.63893795      0.980620265      0.554558754
          85   2.67035389      0.994010448      0.297508746
          86   2.70176983      0.999296844       3.88853550E-02
          87   2.73318577      0.996451557     -0.219942003
          88   2.76460171      0.985489607     -0.477610528
          89   2.79601765      0.966469169     -0.732720375
          90   2.82743359      0.939493656     -0.983793795
          91   2.85884953      0.904714465      -1.22923934
          92   2.89026546      0.862335265      -1.46732521
          93   2.92168140      0.812616467      -1.69616330
          94   2.95309734      0.755880356      -1.91370893
          95   2.98451328      0.692515731      -2.11777663
          96   3.01592922      0.622981727      -2.30607462
          97   3.04734492      0.547810555      -2.47625947
          98   3.07876086      0.467607915      -2.62600708
          99   3.11017680      0.383051097      -2.75309873
         100   3.14159274      0.294884235      -2.85551643
         101   3.17300868      0.203910381      -2.93153954
         102   3.20442462      0.110980839      -2.97983432
         103   3.23584056       1.69817209E-02  -2.99952769
         104   3.26725650      -7.71813914E-02  -2.99025798
         105   3.29867244     -0.170599878      -2.95219588
         106   3.33008838     -0.262378752      -2.88603449
         107   3.36150432     -0.351652533      -2.79294896
         108   3.39292026     -0.437599391      -2.67453027
         109   3.42433619     -0.519452870      -2.53270030
         110   3.45575213     -0.596510947      -2.36961627
         111   3.48716807     -0.668141663      -2.18757510
         112   3.51858401     -0.733786345      -1.98892236
         113   3.54999995     -0.792959690      -1.77597558
         114   3.58141589     -0.845247865      -1.55096352
         115   3.61283183     -0.890305221      -1.31598449
         116   3.64424777     -0.927849650      -1.07298374
         117   3.67566371     -0.957657576     -0.823748231
         118   3.70707941     -0.979559243     -0.569917440
         119   3.73849535     -0.993434370     -0.313006461
         120   3.76991129     -0.999208689      -5.44386506E-02
         121   3.80132723     -0.996851861      0.204414785
         122   3.83274317     -0.986376226      0.462191850
         123   3.86415911     -0.967837393      0.717496157
         124   3.89557505     -0.941335917      0.968855619
         125   3.92699099     -0.907020271       1.21468663
         126   3.95840693     -0.865090787       1.45326614
         127   3.98982286     -0.815804422       1.68271589
         128   4.02123880     -0.759479523       1.90100026
         129   4.05265474     -0.696500778       2.10594130
         130   4.08407068     -0.627323031       2.29525256
         131   4.11548662     -0.552474082       2.46659160
         132   4.14690256     -0.472555220       2.61763072
         133   4.17831850     -0.388239563       2.74614263
         134   4.20973444     -0.300267398       2.85009432
         135   4.24115038     -0.209438533       2.92774463
         136   4.27256632     -0.116601735       2.97773433
         137   4.30398226      -2.26414129E-02   2.99916124
         138   4.33539820       7.15375543E-02   2.99163175
         139   4.36681414      0.165026248       2.95528460
         140   4.39823008      0.256928414       2.89078236
         141   4.42964602      0.346376359       2.79927301
         142   4.46106195      0.432545274       2.68232465
         143   4.49247789      0.514665127       2.54184175
         144   4.52389383      0.592029810       2.37997055
         145   4.55530977      0.664003015       2.19900179
         146   4.58672571      0.730021656       2.00128078
         147   4.61814165      0.789596081       1.78912854
         148   4.64955759      0.842308283       1.56478047
         149   4.68097353      0.887808561       1.33034360
         150   4.71238899      0.925811112       1.08777261
         151   4.74380493      0.956089020      0.838863909
         152   4.77522087      0.978469431      0.585265279
         153   4.80663681      0.992829204      0.328498363
         154   4.83805275      0.999091387       6.99910223E-02
         155   4.86946869      0.997223020     -0.188883632
         156   4.90088463      0.987233877     -0.446764201
         157   4.93230057      0.969176948     -0.702257633
         158   4.96371651      0.943150043     -0.953897476
         159   4.99513245      0.909298599      -1.20010769
         160   5.02654839      0.867819786      -1.43917418
         161   5.05796432      0.818966925      -1.66922832
         162   5.08938026      0.763054609      -1.88824344
         163   5.12079620      0.700463414      -2.09404969
         164   5.15221214      0.631643832      -2.28436565
         165   5.18362808      0.557119250      -2.45685053
         166   5.21504402      0.477486610      -2.60917330
         167   5.24645996      0.393414766      -2.73909807
         168   5.27787590      0.305640191      -2.84457755
         169   5.30929184      0.214959383      -2.92385030
         170   5.34070778      0.122218497      -2.97553182
         171   5.37212372       2.83002257E-02  -2.99869061
         172   5.40353966      -6.58913031E-02  -2.99290180
         173   5.43495560     -0.159446970      -2.95827198
         174   5.46637154     -0.251469284      -2.89543295
         175   5.49778748     -0.341088414      -2.80550528
         176   5.52920341     -0.427476645      -2.69003391
         177   5.56061935     -0.509860337      -2.55090594
         178   5.59203529     -0.587529302      -2.39025569
         179   5.62345123     -0.659843028      -2.21036792
         180   5.65486717     -0.726233900      -2.01358700
         181   5.68628311     -0.786207855      -1.80223727
         182   5.71769905     -0.839342713      -1.57856083
         183   5.74911499     -0.885284841      -1.34467316
         184   5.78053093     -0.923744678      -1.10253835
         185   5.81194687     -0.954491973     -0.853962362
         186   5.84336281     -0.977350652     -0.600601315
         187   5.87477875     -0.992194772     -0.343983620
         188   5.90619469     -0.998944700      -8.55416954E-02
         189   5.93761063     -0.997564793      0.173349202
         190   5.96902657     -0.988062382      0.431328297
         191   6.00044250     -0.970487714      0.687005639
         192   6.03185844     -0.944935858      0.938920259
         193   6.06327391     -0.911549389       1.18550348
         194   6.09468985     -0.870522141       1.42505026
         195   6.12610579     -0.822103977       1.65570140
         196   6.15752172     -0.766605616       1.87543952
         197   6.18893766     -0.704403520       2.08210254
         198   6.22035360     -0.635944009       2.27341461
         199   6.25176954     -0.561746001       2.44703674
         200   6.28318548     -0.482401967       2.60063505
         201   6.31460142     -0.398576617       2.73196530
         202   6.34601736     -0.311002523       2.83896589
         203   6.37743330     -0.220472842       2.91985607
         204   6.40884924     -0.127831072       2.97322607
         205   6.44026518      -3.39581296E-02   2.99811530
         206   6.47168112       6.02426901E-02   2.99406743
         207   6.50309706      0.153862074       2.96115708
         208   6.53451300      0.246001393       2.89998531
         209   6.56592894      0.335788727       2.81164479
         210   6.59734488      0.422393411       2.69765735
         211   6.62876081      0.505038321       2.55989194
         212   6.66017675      0.583009243       2.40047097
         213   6.69159269      0.655661345       2.22167277
         214   6.72300863      0.722422600       2.02584028
         215   6.75442457      0.782794595       1.81530130
         216   6.78584051      0.836350918       1.59230411
         217   6.81725645      0.882733881       1.35897279
         218   6.84867239      0.921650231       1.11728084
         219   6.88008833      0.952866256      0.869043589
         220   6.91150427      0.976202786      0.615925670
         221   6.94292021      0.991531014      0.359462410
         222   6.97433615      0.998768568      0.101090878
         223   7.00575209      0.997877240     -0.157811403
         224   7.03716803      0.988861680     -0.415884018
         225   7.06858397      0.971769631     -0.671739936
         226   7.09999990      0.946693420     -0.923923552
         227   7.13141584      0.913772583      -1.17087364
         228   7.16283178      0.873197794      -1.41089392
         229   7.19424772      0.825215399      -1.64213467
         230   7.22566366      0.770132363      -1.86258805
         231   7.25707960      0.708321035      -2.07009983
         232   7.28849554      0.640223444      -2.26239967
         233   7.31991148      0.566354096      -2.43715048
         234   7.35132742      0.487301111      -2.59201622
         235   7.38274288      0.403724909      -2.72474432
         236   7.41415882      0.316354126      -2.83325982
         237   7.44557476      0.225978583      -2.91576219
         238   7.47699070      0.133439094      -2.97081685
         239   7.50840664       3.96147594E-02  -2.99743485
         240   7.53982258      -5.45920506E-02  -2.99512815
         241   7.57123852     -0.148271888      -2.96393967
         242   7.60265446     -0.240525037      -2.90443921
         243   7.63407040     -0.330477566      -2.81769156
         244   7.66548634     -0.417295933      -2.70519495
         245   7.69690228     -0.500199497      -2.56879997
         246   7.72831821     -0.578470051      -2.41061640
         247   7.75973415     -0.651458502      -2.23291612
         248   7.79115009     -0.718588412      -2.03804064
         249   7.82256603     -0.779356897      -1.82832050
         250   7.85398197     -0.833333313      -1.60601020
         251   7.88539791     -0.880155981      -1.37324226
         252   7.91681385     -0.919527948      -1.13199973
         253   7.94822979     -0.951212049     -0.884107232
         254   7.97964573     -0.975026011     -0.631237984
         255   8.01106167     -0.990837991     -0.374934286
         256   8.04247761     -0.998562992     -0.116638124
         257   8.07389355     -0.998160183      0.142270595
         258   8.10530949     -0.989631712      0.400431663
         259   8.13672543     -0.973022640      0.656460881
         260   8.16814137     -0.948422551      0.908907890
         261   8.19955730     -0.915968060       1.15621877
         262   8.23097324     -0.875846624       1.39670599
         263   8.26238918     -0.828301132       1.62852919
         264   8.29380512     -0.773634732       1.84968996
         265   8.32522106     -0.712215781       2.05804205
         266   8.35663700     -0.644481957       2.25132108
         267   8.38805294     -0.570943415       2.42719221
         268   8.41946888     -0.492183834       2.58331704
         269   8.45088482     -0.408859402       2.71743560
         270   8.48230076     -0.321694821       2.82745934
         271   8.51371670     -0.231476486       2.91156864
         272   8.54513264     -0.139042497       2.96830463
         273   8.57654858      -4.52700332E-02   2.99664950
         274   8.60796452       4.89394590E-02   2.99608445
         275   8.63938046      0.142676532       2.96661973
         276   8.67079639      0.235040367       2.90879440
         277   8.70221233      0.325155050       2.82364511
         278   8.73362827      0.412184268       2.71264577
         279   8.76504421      0.495343894       2.57762885
         280   8.79646015      0.573911786       2.42069101
         281   8.82787609      0.647234499       2.24409723
         282   8.85929203      0.714731216       2.05018711
         283   8.89070797      0.775894642       1.84129393
         284   8.92212391      0.830289900       1.61967826
         285   8.95353985      0.877551258       1.38748097
         286   8.98495579      0.917378008       1.14669442
         287   9.01637173      0.949529529      0.899152696
         288   9.04778767      0.973820388      0.646537721
         289   9.07920361      0.990115821      0.390398800
         290   9.11061954      0.998328149      0.132182986
         291   9.14203548      0.998413861     -0.126727313
         292   9.17345142      0.990372598     -0.384971917
         293   9.20486736      0.974246800     -0.641169310
         294   9.23628330      0.950123310     -0.893874168
         295   9.26769924      0.918135762      -1.14153969
         296   9.29911518      0.878468513      -1.38248706
         297   9.33053112      0.831360996      -1.61488545
         298   9.36194706      0.777112603      -1.83674574
         299   9.39336205      0.716087580      -2.04593015
         300   9.42477798      0.648719430      -2.24018002
         301   9.45619392      0.575513780      -2.41716313
         302   9.48760986      0.497049987      -2.57453895
         303   9.51902580      0.413979948      -2.71004033
         304   9.55044174      0.327024400      -2.82156587
         305   9.58185768      0.236966312      -2.90727687
         306   9.61327362      0.144640982      -2.96569037
         307   9.64468956       5.09236380E-02  -2.99576044
         308   9.67610550      -4.32852805E-02  -2.99693680
         309   9.70752144     -0.137076318      -2.96919775
         310   9.73893738     -0.229547679      -2.91305137
         311   9.77035332     -0.319821507      -2.82950544
         312   9.80176926     -0.407058746      -2.72001028
         313   9.83318520     -0.490471840      -2.58637881
         314   9.86460114     -0.569334626      -2.43069506
         315   9.89601707     -0.642989516      -2.25521612
         316   9.92743301     -0.710851192      -2.06227970
         317   9.95884895     -0.772408009      -1.85422158
         318   9.99026489     -0.827220798      -1.63330829
         319   10.0216808     -0.874919772      -1.40168869
         320   10.0530968     -0.915200412      -1.16136467
         321   10.0845127     -0.947818637     -0.914179742
         322   10.1159286     -0.972585917     -0.661824584
         323   10.1473446     -0.989364505     -0.405855626
         324   10.1787605     -0.998063982     -0.147725075
         325   10.2101765     -0.998638272      0.111181885
         326   10.2415924     -0.991084337      0.369505018
         327   10.2730083     -0.975442111      0.625865281
         328   10.3044243     -0.951795638      0.878822327
         329   10.3358402     -0.920275748       1.12683642
         330   10.3672562     -0.881063581       1.36823738
         331   10.3986721     -0.834395111       1.60120380
         332   10.4300880     -0.780565977       1.82375598
         333   10.4615040     -0.719936490       2.03376436
         334   10.4929199     -0.652935743       2.22897673
         335   10.5243359     -0.580065131       2.40706325
         336   10.5557518     -0.501899481       2.56568193
         337   10.5871677     -0.419086397       2.70255852
         338   10.6185837     -0.332342714       2.81557918
         339   10.6499996     -0.242447853       2.90288639
         340   10.6814156     -0.150234312       2.96297359
         341   10.7128315      -5.65753356E-02   2.99476671
         342   10.7442474       3.76297086E-02   2.99768448
         343   10.7756634      0.131471440       2.97167301
         344   10.8070793      0.224047154       2.91720915
         345   10.8384953      0.314477116       2.83527207
         346   10.8699112      0.401919544       2.72728729
         347   10.9013271      0.485583454       2.59504890
         348   10.9327431      0.564738810       2.44062710
         349   10.9641590      0.638723731       2.26627135
         350   10.9955750      0.706948519       2.07431722
         351   11.0269909      0.768897116       1.86710238
         352   11.0584068      0.824126005       1.64689922
         353   11.0898228      0.872261405       1.41586459
         354   11.1212387      0.912995040       1.17600977
         355   11.1526546      0.946079373      0.929187775
         356   11.1840706      0.971322536      0.677098036
         357   11.2154865      0.988583922      0.421304286
         358   11.2469025      0.997770369      0.163264006
         359   11.2783184      0.998833120      -9.56347287E-02
         360   11.3097343      0.991766691     -0.354031384
         361   11.3411503      0.976608336     -0.610549331
         362   11.3725662      0.953439415     -0.863753080
         363   11.4039822      0.922387838      -1.11210978
         364   11.4353981      0.883631587      -1.35395765
         365   11.4668140      0.837403238      -1.58748496
         366   11.4982300      0.783994675      -1.81072128
         367   11.5296459      0.723762214      -2.02154565
         368   11.5610619      0.657130718      -2.21771169
         369   11.5924778      0.584597170      -2.39689302
         370   11.6238937      0.506731987      -2.55674624
         371   11.6553097      0.424178481      -2.69499040
         372   11.6867256      0.337649494      -2.80949926
         373   11.7181416      0.247920901      -2.89839721
         374   11.7495575      0.155822337      -2.96015429
         375   11.7809734       6.22250065E-02  -2.99366832
         376   11.8123894      -3.19728628E-02  -2.99832702
         377   11.8438053     -0.125862017      -2.97404480
         378   11.8752213     -0.218538880      -2.92126703
         379   11.9066372     -0.309121877      -2.84094381
         380   11.9380531     -0.396766603      -2.73447633
         381   11.9694691     -0.480678678      -2.60363865
         382   12.0008850     -0.560124218      -2.45048714
         383   12.0323009     -0.634437025      -2.27726316
         384   12.0637169     -0.703023076      -2.08629966
         385   12.0951319     -0.765361845      -1.87993646
         386   12.1265478     -0.821005583      -1.66045117
         387   12.1579638     -0.869576395      -1.43000889
         388   12.1893797     -0.910762191      -1.19062996
         389   12.2207956     -0.944311857     -0.944176972
         390   12.2522116     -0.970030427     -0.692358255
         391   12.2836275     -0.987774312     -0.436744988
         392   12.3150434     -0.997447550     -0.178799987
         393   12.3464594     -0.998998821       8.00856650E-02
         394   12.3778753     -0.992420018      0.338550985
         395   12.4092913     -0.977745831      0.595221519
         396   12.4407072     -0.955054879      0.848666430
         397   12.4721231     -0.924472213       1.09735966
         398   12.5035391     -0.886172712       1.33964801
         399   12.5349550     -0.840385497       1.57372904
         400   12.5663710     -0.787398815       1.79764187
         401   12.5977869     -0.727564931       2.00927401
         402   12.6292028     -0.661304474       2.20638561
         403   12.6606188     -0.589110017       2.38665342
         404   12.6920347     -0.511547625       2.54773283
         405   12.7234507     -0.429256260       2.68733692
         406   12.7548666     -0.342944741       2.80332708
         407   12.7862825     -0.253385395       2.89381027
         408   12.8176985     -0.161404938       2.95723319
         409   12.8491144      -6.78724721E-02   2.99246573
         410   12.8805304       2.63149589E-02   2.99886537
         411   12.9119463      0.120248280       2.97631407
         412   12.9433622      0.213023111       2.92522573
         413   12.9747782      0.303756118       2.84652162
         414   13.0061941      0.391600281       2.74157763
         415   13.0376101      0.475757897       2.61214781
         416   13.0690260      0.555491209       2.46027446
         417   13.1004419      0.630129814       2.28819084
         418   13.1318579      0.699075222       2.09822655
         419   13.1632738      0.761802554       1.89272308
         420   13.1946898      0.817859709       1.67396355
         421   13.2261057      0.866864741       1.44412076
         422   13.2575216      0.908501744       1.20522439
         423   13.2889376      0.942516088      0.959146678
         424   13.3203535      0.968709528      0.707604647
         425   13.3517694      0.986935556      0.452177078
         426   13.3831854      0.997095406      0.194332361
         427   13.4146013      0.999135137      -6.45352304E-02
         428   13.4460173      0.993044078     -0.323064208
         429   13.4774332      0.978854299     -0.579882145
         430   13.5088491      0.956641793     -0.833562732
         431   13.5402651      0.926528692      -1.08258665
         432   13.5716810      0.888686776      -1.32530904
         433   13.6030970      0.843341768      -1.55993676
         434   13.6345129      0.790778220      -1.78451848
         435   13.6659288      0.731344402      -1.99695027
         436   13.6973448      0.665456772      -2.19499898
         437   13.7287607      0.593603492      -2.37634468
         438   13.7601767      0.516346157      -2.53864217
         439   13.7915926      0.434319496      -2.67959833
         440   13.8230085      0.348228216      -2.79706311
         441   13.8544245      0.258841097      -2.88912582
         442   13.8858404      0.166981876      -2.95421052
         443   13.9172564       7.35175088E-02  -2.99115944
         444   13.9486723      -2.06561983E-02  -2.99929929
         445   13.9800882     -0.114630431      -2.97848034
         446   14.0115042     -0.207500041      -2.92908478
         447   14.0429201     -0.298380017      -2.85200453
         448   14.0743361     -0.386420727      -2.74859023
         449   14.1057520     -0.470821202      -2.62057590
         450   14.1371679     -0.550839841      -2.46998906
         451   14.1685839     -0.625802040      -2.29905391
         452   14.1999998     -0.695104897      -2.11009717
         453   14.2314157     -0.758219123      -1.90546167
         454   14.2628317     -0.814688325      -1.68743563
         455   14.2942476     -0.864126444      -1.45819974
         456   14.3256636     -0.906213701      -1.21979272
         457   14.3570795     -0.940692008     -0.974096358
         458   14.3884954     -0.967359781     -0.722836733
         459   14.4199114     -0.986067533     -0.467600197
         460   14.4513273     -0.996713758     -0.209860802
         461   14.4827433     -0.999241889       4.89838421E-02
         462   14.5141592     -0.993638694      0.307571530
         463   14.5455751     -0.979933619      0.564531684
         464   14.5769911     -0.958199978      0.818442345
         465   14.6084070     -0.928557098       1.06779087
         466   14.6398230     -0.891173601       1.31094074
         467   14.6712389     -0.846271813       1.54610813
         468   14.7026548     -0.794132650       1.77135110
         469   14.7340708     -0.735100389       1.98457444
         470   14.7654858     -0.669587314       2.18355179
         471   14.7969017     -0.598077238       2.36596704
         472   14.8283176     -0.521127284       2.52947402
         473   14.8597336     -0.439367861       2.67177439
         474   14.8911495     -0.353499621       2.79070687
         475   14.9225655     -0.264287710       2.88434362
         476   14.9539814     -0.172552913       2.95108581
         477   14.9853973      -7.91599080E-02   2.98974872
         478   15.0168133       1.49967745E-02   2.99962854
         479   15.0482292      0.109008640       2.98054338
         480   15.0796452      0.201969862       2.93284369
         481   15.1110611      0.292993724       2.85739231
         482   15.1424770      0.381228089       2.75551414
         483   15.1738930      0.465868771       2.62892246
         484   15.2053089      0.546170294       2.47962999
         485   15.2367249      0.621453881       2.30985188
         486   15.2681408      0.691112280       2.12191129
         487   15.2995567      0.754611790       1.91815197
         488   15.3309727      0.811491668       1.70086741
         489   15.3623886      0.861361742       1.47224569
         490   15.3938046      0.903898358       1.23433483
         491   15.4252205      0.938839853      0.989026070
         492   15.4566364      0.965981424      0.738054514
         493   15.4880524      0.985170603      0.483014256
         494   15.5194683      0.996303022      0.225385159
         495   15.5508842      0.999319553      -3.34317088E-02
         496   15.5823002      0.994204283     -0.292073220
         497   15.6137161      0.980984211     -0.549170494
         498   15.6451321      0.959729910     -0.803305984
         499   15.6765480      0.930557787      -1.05297339
         500   15.7079639      0.893633425      -1.29654431
         501   15.7393799      0.849175870      -1.53224432
         502   15.7707958      0.797462285      -1.75814104
         503   15.8022118      0.738833070      -1.97214794
         504   15.8336277      0.673696280      -2.17204571
         505   15.8650436      0.602531374      -2.35552168
         506   15.8964596      0.525891066      -2.52023005
         507   15.9278755      0.444401413      -2.66386700
         508   15.9592915      0.358758956      -2.78426003
         509   15.9907074      0.269725204      -2.87946486
         510   16.0221233      0.178117871      -2.94786024
         511   16.0535393       8.47994313E-02  -2.98823428
         512   16.0849552      -9.33696330E-03  -2.99985313
         513   16.1163712     -0.103383191      -2.98250270
         514   16.1477871     -0.196432769      -2.93650222
         515   16.1792030     -0.287597448      -2.86268449
         516   16.2106190     -0.376022577      -2.76234865
         517   16.2420349     -0.460900724      -2.63718700
         518   16.2734509     -0.541482687      -2.48919678
         519   16.3048668     -0.617085516      -2.32058406
         520   16.3362827     -0.687097549      -2.13366795
         521   16.3676987     -0.750980675      -1.93079317
         522   16.3991146     -0.808269799      -1.71425784
         523   16.4305305     -0.858570635      -1.48625767
         524   16.4619465     -0.901555657      -1.24884975
         525   16.4933624     -0.936959624      -1.00393486
         526   16.5247784     -0.964574456     -0.753257155
         527   16.5561943     -0.984244645     -0.498418570
         528   16.5876102     -0.995863020     -0.240904838
         529   16.6190262     -0.999367833       1.78793669E-02
         530   16.6504421     -0.994740605      0.276569754
         531   16.6818581     -0.982005715      0.533799112
         532   16.7132740     -0.961231112      0.788153887
         533   16.7446899     -0.932530344       1.03813422
         534   16.7761059     -0.896065950       1.28211975
         535   16.8075218     -0.852053583       1.51834536
         536   16.8389378     -0.800766826       1.74488819
         537   16.8703537     -0.742542148       1.95967054
         538   16.9017696     -0.677783430       2.16048002
         539   16.9331856     -0.606965721       2.34500861
         540   16.9646015     -0.530637324       2.51091003
         541   16.9960175     -0.449419945       2.65587544
         542   17.0274334     -0.364006013       2.77772212
         543   17.0588493     -0.275153369       2.87448907
         544   17.0902653     -0.183676660       2.94453311
         545   17.1216812      -9.04360190E-02   2.98661590
         546   17.1530972       3.67680192E-03   2.99997306
         547   17.1845131       9.77541134E-02   2.98435879
         548   17.2159290      0.190888882       2.94006038
         549   17.2473450      0.282191277       2.86788106
         550   17.2787609      0.370804250       2.76909351
         551   17.3101768      0.455917180       2.64536905
         552   17.3415928      0.536777139       2.49868941
         553   17.3730087      0.612697005       2.33125067
         554   17.4044247      0.683060765       2.14536738
         555   17.4358406      0.747325838       1.94338548
         556   17.4672565      0.805022836       1.72760737
         557   17.4986725      0.855753243       1.50023627
         558   17.5300884      0.899185717       1.26333809
         559   17.5615044      0.935051382       1.01882327
         560   17.5929203      0.963138938      0.768445134
         561   17.6243362      0.983289719      0.513813496
         562   17.6557522      0.995393872      0.256420165
         563   17.6871681      0.999386907      -2.32642889E-03
         564   17.7185841      0.995247841     -0.261060804
         565   17.7500000      0.982998431     -0.518417120
         566   17.7814159      0.962703884     -0.772985816
         567   17.8128319      0.934475064      -1.02327323
         568   17.8442478      0.898471415      -1.26766706
         569   17.8756638      0.854905248      -1.50441134
         570   17.9070797      0.804046571      -1.73159289
         571   17.9384956      0.746227860      -1.94714284
         572   17.9699116      0.681848884      -2.14885616
         573   18.0013275      0.611380339      -2.33442879
         574   18.0327435      0.535366058      -2.50151491
         575   18.0641594      0.454423428      -2.64780116
         576   18.0955753      0.369240761      -2.77109432
         577   18.1269913      0.280572146      -2.86941743
         578   18.1584072      0.189229131      -2.94110584
         579   18.1898232       9.60694849E-02  -2.98489451
         580   18.2212391       1.98349357E-03  -2.99998903
         581   18.2526550      -9.21216533E-02  -2.98611188
         582   18.2840710     -0.185338408      -2.94351840
         583   18.3154869     -0.276775450      -2.87298203
         584   18.3469028     -0.365573347      -2.77574897
         585   18.3783188     -0.450918376      -2.65346885
         586   18.4097347     -0.532053828      -2.50810742
         587   18.4411507     -0.608288467      -2.34185076
         588   18.4725666     -0.679001927      -2.15700889
         589   18.5039825     -0.743647218      -1.95592809
         590   18.5353985     -0.801750600      -1.74091518
         591   18.5668144     -0.852909446      -1.51418042
         592   18.5982304     -0.896788418      -1.27779889
         593   18.6296463     -0.933115065      -1.03369045
         594   18.6610622     -0.961674690     -0.783617616
         595   18.6924782     -0.982305706     -0.529198289
         596   18.7238941     -0.994895399     -0.271930426
         597   18.7553101     -0.999376595      -1.32263899E-02
         598   18.7867241     -0.995725691      0.245547056
         599   18.8181400     -0.983961940      0.503025293
         600   18.8495560     -0.964147925      0.757802486
         601   18.8809719     -0.936391592       1.00839114
         602   18.9123878     -0.900849402       1.25318694
         603   18.9438038     -0.857730389       1.49044311
         604   18.9752197     -0.807300925       1.71825576
         605   19.0066357     -0.749889612       1.93456531
         606   19.0380516     -0.685892045       2.13717365
         607   19.0694675     -0.615774572       2.32378173
         608   19.1008835     -0.540076673       2.49204397
         609   19.1322994     -0.459411323       2.63964295
         610   19.1637154     -0.374462664       2.76437545
         611   19.1951313     -0.285981029       2.86424875
         612   19.2265472     -0.194774836       2.93757677
         613   19.2579632     -0.101699442       2.98306823
         614   19.2893791      -7.64360279E-03   2.99989915
         615   19.3207951       8.64860564E-02   2.98776007
         616   19.3522110      0.179781526       2.94687438
         617   19.3836269      0.271350056       2.87798548
         618   19.4150429      0.360329926       2.78231287
         619   19.4464588      0.445904285       2.66148424
         620   19.4778748      0.527312696       2.51744914
         621   19.5092907      0.603859901       2.35238290
         622   19.5407066      0.674921095       2.16859102
         623   19.5721226      0.739944935       1.96841967
         624   19.6035385      0.798453271       1.75417995
         625   19.6349545      0.850039244       1.52808928
         626   19.6663704      0.894363701       1.29223132
         627   19.6977863      0.931150496       1.04853570
         628   19.7292023      0.960181653      0.798774183
         629   19.7606182      0.981292486      0.544572592
         630   19.7920341      0.994367421      0.287435323
         631   19.8234501      0.999336660       2.87787318E-02
         632   19.8548660      0.996174037     -0.230028778
         633   19.8862820      0.984896183     -0.487623811
         634   19.9176979      0.965563059     -0.742604196
         635   19.9491138      0.938279808     -0.993488371
         636   19.9805298      0.903199911      -1.23867989
         637   20.0119457      0.860529065      -1.47644091
         638   20.0433617      0.810530007      -1.70487738
         639   20.0747776      0.753527522      -1.92193854
         640   20.1061935      0.689913094      -2.12543392
         641   20.1376095      0.620148718      -2.31306887
         642   20.1690254      0.544769406      -2.48249912
         643   20.2004414      0.464383751      -2.63140273
         644   20.2318573      0.379671782      -2.75756717
         645   20.2632732      0.291380048      -2.85898447
         646   20.2946892      0.200313777      -2.93394732
         647   20.3261051      0.107325844      -2.98113871
         648   20.3575211       1.33034140E-02  -2.99970508
         649   20.3889370      -8.08474943E-02  -2.98930478
         650   20.4203529     -0.174218476      -2.95012975
         651   20.4517689     -0.265915424      -2.88289261
         652   20.4831848     -0.355074316      -2.78878617
         653   20.5146008     -0.440875232      -2.66941595
         654   20.5460167     -0.522554159      -2.52671480
         655   20.5774326     -0.599411607      -2.36284733
         656   20.6088486     -0.670818567      -2.18011379
         657   20.6402645     -0.736219168      -1.98086023
         658   20.6716805     -0.795130968      -1.76740170
         659   20.7030964     -0.847142875      -1.54196239
         660   20.7345123     -0.891911805      -1.30663502
         661   20.7659283     -0.929157972      -1.06335866
         662   20.7973442     -0.958660066     -0.813914239
         663   20.8287601     -0.980250299     -0.559935808
         664   20.8601761     -0.993810236     -0.302934200
         665   20.8915920     -0.999267459      -4.43300009E-02
         666   20.9230080     -0.996593177      0.214506775
         667   20.9544239     -0.985801458      0.472213566
         668   20.9858398     -0.966949582      0.727391779
         669   21.0172558     -0.940139949      0.978565693
         670   21.0486717     -0.905523002       1.22414660
         671   21.0800877     -0.863301158       1.46240568
         672   21.1115036     -0.813733697       1.69145846
         673   21.1429195     -0.757141471       1.90926325
         674   21.1743355     -0.693911791       2.11363721
         675   21.2057514     -0.624502361       2.30229068
         676   21.2371674     -0.549443841       2.47288013
         677   21.2685833     -0.469340354       2.62308025
         678   21.2999992     -0.384867787       2.75066948
         679   21.3314152     -0.296768874       2.85362458
         680   21.3628311     -0.205845594       2.93021774
         681   21.3942471     -0.112948306       2.97910595
         682   21.4256630      -1.89625397E-02   2.99940610
         683   21.4570789       7.52063319E-02   2.99074531
         684   21.4884949      0.168649584       2.95328307
         685   21.5199108      0.260471791       2.88770199
         686   21.5513268      0.349806696       2.79516768
         687   21.5827427      0.435831428       2.67726302
         688   21.6141586      0.517778277       2.53590393
         689   21.6455746      0.594943762       2.37324381
         690   21.6769905      0.666694462       2.19157720
         691   21.7084064      0.732470095       1.99324989
         692   21.7398224      0.791783869       1.78058052
         693   21.7712383      0.844220519       1.55580032
         694   21.8026543      0.889432907       1.32101059
         695   21.8340702      0.927137673       1.07815981
         696   21.8654861      0.957110047      0.829038322
         697   21.8969021      0.979179263      0.575288475
         698   21.9283180      0.993223965      0.318427652
         699   21.9597340      0.999168992       5.98807335E-02
         700   21.9911499      0.996983051     -0.198980302
         701   22.0225658      0.986677647     -0.456793785
         702   22.0539818      0.968307436     -0.712164521
         703   22.0853977      0.941971958     -0.963622451
         704   22.1168137      0.907818735      -1.20958650
         705   22.1482296      0.866046906      -1.44833684
         706   22.1796455      0.816912174      -1.67799854
         707   22.2110615      0.760731578      -1.89653921
         708   22.2424774      0.697888315      -2.10178351
         709   22.2738934      0.628835797      -2.29144692
         710   22.3053093      0.554100215      -2.46318746
         711   22.3367252      0.474281341      -2.61467648
         712   22.3681412      0.390050828      -2.74368310
         713   22.3995571      0.302147627      -2.84816980
         714   22.4309731      0.211370379      -2.92638826
         715   22.4623890      0.118566930      -2.97697020
         716   22.4938049       2.46211216E-02  -2.99900317
         717   22.5252209      -6.95624426E-02  -2.99208260
         718   22.5566368     -0.163074762      -2.95633602
         719   22.5880527     -0.255019158      -2.89241529
         720   22.6194687     -0.344527185      -2.80145860
         721   22.6508846     -0.430772990      -2.68502641
         722   22.6823006     -0.512985289      -2.54501677
         723   22.7137165     -0.590456486      -2.38357186
         724   22.7451324     -0.662548900      -2.20298052
         725   22.7765484     -0.728697836      -2.00558758
         726   22.8079643     -0.788412035      -1.79371548
         727   22.8393803     -0.841272116      -1.56960177
         728   22.8707962     -0.886926949      -1.33535659
         729   22.9022121     -0.925089478      -1.09293783
         730   22.9336281     -0.955531538     -0.844145179
         731   22.9650440     -0.978079259     -0.590629399
         732   22.9964600     -0.992608428     -0.333914429
         733   23.0278759     -0.999041200      -7.54297674E-02
         734   23.0592918     -0.997343659      0.183450729
         735   23.0907078     -0.987524748      0.441365957
         736   23.1221237     -0.969636500      0.696923971
         737   23.1535397     -0.943775713      0.948660135
         738   23.1849556     -0.910086870       1.19500113
         739   23.2163715     -0.868765950       1.43423605
         740   23.2477875     -0.820065081       1.66449940
         741   23.2792034     -0.764297485       1.88376796
         742   23.3106194     -0.701842308       2.08987427
         743   23.3420353     -0.633148551       2.28053904
         744   23.3734512     -0.558738053       2.45342207
         745   23.4048672     -0.479206204       2.60619140
         746   23.4362831     -0.395220429       2.73660803
         747   23.4676991     -0.307515800       2.84261990
         748   23.4991150     -0.216887683       2.92245865
         749   23.5305309     -0.124181278       2.97473073
         750   23.5619469      -3.02786976E-02   2.99849463
         751   23.5933628       6.39162511E-02   2.99331450
         752   23.6247787      0.157494366       2.95928574
         753   23.6561947      0.249557734       2.89702940
         754   23.6876106      0.339235812       2.80765629
         755   23.7190266      0.425699860       2.69270325
         756   23.7504425      0.508175015       2.55405116
         757   23.7818584      0.585949659       2.39383006
         758   23.8132744      0.658381760       2.21432257
         759   23.8446903      0.724902213       2.01787281
         760   23.8761063      0.785015404       1.80680597
         761   23.9075222      0.838297665       1.58336651
         762   23.9389381      0.884393930       1.34967291
         763   23.9703541      0.923013389       1.10769272
         764   24.0017700      0.953924537      0.859234869
         765   24.0331860      0.976950288      0.605958581
         766   24.0646019      0.991963625      0.349394709
         767   24.0960178      0.998884022       9.09772515E-02
         768   24.1274338      0.997674942     -0.167917758
         769   24.1588478      0.988342702     -0.425929695
         770   24.1902637      0.970936775     -0.681669593
         771   24.2216797      0.945551157     -0.933678448
         772   24.2530956      0.912327409      -1.18039024
         773   24.2845116      0.871458292      -1.42010295
         774   24.3159275      0.823192418      -1.65096056
         775   24.3473434      0.767839193      -1.87094915
         776   24.3787594      0.705773652      -2.07790947
         777   24.4101753      0.637440562      -2.26956749
         778   24.4415913      0.563357294      -2.44358468
         779   24.4730072      0.484114885      -2.59762645
         780   24.5044231      0.400376499      -2.72944570
         781   24.5358391      0.312873304      -2.83697629
         782   24.5672550      0.222397327      -2.91843009
         783   24.5986710      0.129791141      -2.97238898
         784   24.6300869       3.59350368E-02  -2.99788237
         785   24.6615028      -5.82680255E-02  -2.99444294
         786   24.6929188     -0.151908696      -2.96213412
         787   24.7243347     -0.244087934      -2.90154624
         788   24.7557507     -0.333933115      -2.81376195
         789   24.7871666     -0.420612603      -2.70029497
         790   24.8185825     -0.503347993      -2.56300807
         791   24.8499985     -0.581423700      -2.40401888
         792   24.8814144     -0.654193401      -2.22560382
         793   24.9128304     -0.721083522      -2.03010535
         794   24.9442463     -0.781594098      -1.81985199
         795   24.9756622     -0.835297227      -1.59709442
         796   25.0070782     -0.881833851      -1.36395955
         797   25.0384941     -0.920909405      -1.12242436
         798   25.0699100     -0.952288985     -0.874307334
         799   25.1013260     -0.975792348     -0.621276140
         800   25.1327419     -0.991289616     -0.364868462
         801   25.1641579     -0.998697460     -0.106523126
         802   25.1955738     -0.997976780      0.152381539
         803   25.2269897     -0.989131391      0.410485178
         804   25.2584057     -0.972208083      0.666401803
         805   25.2898216     -0.947298169      0.918677628
         806   25.3212376     -0.914540231       1.16575396
         807   25.3526535     -0.874123812       1.40593767
         808   25.3840694     -0.826294005       1.63738227
         809   25.4154854     -0.771356463       1.85808313
         810   25.4469013     -0.709682167       2.06588888
         811   25.4783173     -0.641711593       2.25853133
         812   25.5097332     -0.567957759       2.43367410
         813   25.5411491     -0.489007175       2.58898020
         814   25.5725651     -0.405518830       2.72219443
         815   25.6039810     -0.318219990       2.83123732
         816   25.6353970     -0.227899253       2.91430116
         817   25.6668129     -0.135396510       2.96994352
         818   25.6982288      -4.15901616E-02   2.99716473
         819   25.7296448       5.26177213E-02   2.99546647
         820   25.7610607      0.146317691       2.96487975
         821   25.7924767      0.238609642       2.90596414
         822   25.8238926      0.328618914       2.81977439
         823   25.8553085      0.415511012       2.70780015
         824   25.8867245      0.498504102       2.57188606
         825   25.9181404      0.576878548       2.41413713
         826   25.9495564      0.649983764       2.23682284
         827   25.9809723      0.717241824       2.04228401
         828   26.0123882      0.778148293       1.83285224
         829   26.0438042      0.832271039       1.61078417
         830   26.0752201      0.879246950       1.37821519
         831   26.1066360      0.918777764       1.13713157
         832   26.1380520      0.950625062      0.889361382
         833   26.1694679      0.974605560      0.636580825
         834   26.2008839      0.990586400      0.380334526
         835   26.2322998      0.998481572      0.122066289
         836   26.2637157      0.998249352     -0.136843055
         837   26.2951317      0.989890993     -0.395033419
         838   26.3265476      0.973450661     -0.651121497
         839   26.3579636      0.949016929     -0.903658748
         840   26.3893795      0.916725457      -1.15109360
         841   26.4207954      0.876762629      -1.39174175
         842   26.4522114      0.829370022      -1.62376618
         843   26.4836273      0.774849534      -1.84517157
         844   26.5150433      0.713568091      -2.05381465
         845   26.5464592      0.645961881      -2.24743319
         846   26.5778751      0.572539508      -2.42369318
         847   26.6092911      0.493883103      -2.58025527
         848   26.6407070      0.410647392      -2.71485710
         849   26.6721230      0.323555678      -2.82540560
         850   26.7035389      0.233393162      -2.91007423
         851   26.7349548      0.140996993      -2.96739602
         852   26.7663708       4.72436473E-02  -2.99634337
         853   26.7977867      -4.69657779E-02  -2.99638605
         854   26.8292027     -0.140721798      -2.96752357
         855   26.8606186     -0.233123273      -2.91028404
         856   26.8920345     -0.323293626      -2.82569408
         857   26.9234505     -0.410395563      -2.71521950
         858   26.9548664     -0.493643761      -2.58068562
         859   26.9862823     -0.572314620      -2.42418504
         860   27.0176983     -0.645753324      -2.24797988
         861   27.0491142     -0.713377476      -2.05440927
         862   27.0805302     -0.774678230      -1.84580708
         863   27.1119461     -0.829219222      -1.62443614
         864   27.1433620     -0.876633346      -1.39244008
         865   27.1747780     -0.916618526      -1.15181470
         866   27.2061939     -0.948932946     -0.904397309
         867   27.2376099     -0.973390043     -0.651872873
         868   27.2690258     -0.989854097     -0.395793140
         869   27.3004417     -0.998236418     -0.137606978
         870   27.3318577     -0.998492658      0.121302247
         871   27.3632736     -0.990621448      0.379574358
         872   27.3946896     -0.974664390      0.635828614
         873   27.4261055     -0.950707376      0.888621569
         874   27.4575214     -0.918883026       1.13640893
         875   27.4889374     -0.879374623       1.37751484
         876   27.5203533     -0.832420290       1.61011183
         877   27.5517693     -0.778318167       1.83221400
         878   27.5831852     -0.717431128       2.04168630
         879   27.6146011     -0.650191128       2.23627234
         880   27.6460171     -0.577102363       2.41364098
         881   27.6774330     -0.498742521       2.57145095
         882   27.7088490     -0.415762067       2.70743275
         883   27.7402649     -0.328880340       2.81948042
         884   27.7716808     -0.238879085       2.90574861
         885   27.8030968     -0.146592647       2.96474648
         886   27.8345127      -5.28955460E-02   2.99541783
         887   27.8659286       4.13121507E-02   2.99720168
         888   27.8973446      0.135121003       2.97006536
         889   27.9287605      0.227628887       2.91450572
         890   27.9601765      0.317957312       2.83152080
         891   27.9915924      0.405266225       2.72255206
         892   28.0230083      0.488766909       2.58940601
         893   28.0544243      0.567731857       2.43416190
         894   28.0858402      0.641501904       2.25907421
         895   28.1172562      0.709490299       2.06648016
         896   28.1486721      0.771183848       1.85871577
         897   28.1800880      0.826141775       1.63804984
         898   28.2115040      0.873992980       1.40663397
         899   28.2429199      0.914431632       1.16647339
         900   28.2743359      0.947212458      0.919414878
         901   28.3057518      0.972145736      0.667152166
         902   28.3371677      0.989092767      0.411244184
         903   28.3685837      0.997962058      0.153145015
         904   28.3999996      0.998706698     -0.105759174
         905   28.4314156      0.991322815     -0.364108026
         906   28.4628315      0.975849330     -0.620523334
         907   28.4942474      0.952369452     -0.873566568
         908   28.5256634      0.921012878      -1.12170029
         909   28.5570793      0.881959736      -1.36325741
         910   28.5884953      0.835444748      -1.59641981
         911   28.6199112      0.781762302      -1.81921101
         912   28.6513271      0.721271217      -2.02950430
         913   28.6827431      0.654399216      -2.22504973
         914   28.7141590      0.581646085      -2.40351868
         915   28.7455750      0.503585100      -2.56256843
         916   28.7769909      0.420862466      -2.69992256
         917   28.8084068      0.334193558      -2.81346250
         918   28.8398228      0.244356543      -2.90132475
         919   28.8712387      0.152182966      -2.96199465
         920   28.9026546       5.85453510E-02  -2.99438787
         921   28.9340706      -3.56573239E-02  -2.99791265
         922   28.9654865     -0.129515722      -2.97250390
         923   28.9969025     -0.222126812      -2.91862774
         924   29.0283184     -0.312610239      -2.83725309
         925   29.0597343     -0.400123298      -2.72979689
         926   29.0911503     -0.483873814      -2.59804630
         927   29.1225662     -0.563130438      -2.44406676
         928   29.1539822     -0.637229741      -2.27010512
         929   29.1853981     -0.705580533      -2.07849598
         930   29.2168140     -0.767665207      -1.87157762
         931   29.2482300     -0.823038757      -1.65162432
         932   29.2796459     -0.871325970      -1.42079592
         933   29.3110619     -0.912217259      -1.18110669
         934   29.3424778     -0.945463777     -0.934413135
         935   29.3738937     -0.970872641     -0.682417691
         936   29.4053097     -0.988302231     -0.426686734
         937   29.4367256     -0.997658312     -0.168679595
         938   29.4681416     -0.998891354       9.02146399E-02
         939   29.4995556     -0.991994917      0.348635346
         940   29.5309715     -0.977005303      0.605206609
         941   29.5623875     -0.954002976      0.858494520
         942   29.5938034     -0.923114836       1.10696864
         943   29.6252193     -0.884517789       1.34897041
         944   29.6566353     -0.838443160       1.58269095
         945   29.6880512     -0.785181642       1.80616343
         946   29.7194672     -0.725088060       2.01726961
         947   29.7508831     -0.658585846       2.21376562
         948   29.7822990     -0.586170435       2.39332628
         949   29.8137150     -0.508410692       2.55360746
         950   29.8451309     -0.425948471       2.69232607
         951   29.8765469     -0.339495152       2.80735159
         952   29.9079628     -0.249825418       2.89680243
         953   29.9393787     -0.157767892       2.95914030
         954   29.9707947      -6.41930327E-02   2.99325323
         955   30.0022106       3.00013274E-02   2.99851871
         956   30.0336266      0.123906001       2.97483945
         957   30.0650425      0.216617107       2.92265010
         958   30.0964584      0.307252496       2.84289074
         959   30.1278744      0.394966811       2.73695350
         960   30.1592903      0.478964537       2.60660577
         961   30.1907063      0.558510363       2.45389915
         962   30.2221222      0.632936716       2.28107214
         963   30.2535381      0.701647997       2.09045649
         964   30.2849541      0.764122188       1.88439238
         965   30.3163700      0.819909990       1.66515958
         966   30.3477859      0.868632078       1.43492579
         967   30.3792019      0.909975052       1.19571471
         968   30.4106178      0.943686604      0.949392319
         969   30.4420338      0.969570637      0.697669864
         970   30.4734497      0.987482488      0.442121178
         971   30.5048656      0.997325242      0.184211046
         972   30.5362816      0.999046683      -7.46683776E-02
         973   30.5676975      0.992637813     -0.333155960
         974   30.5991135      0.978132367     -0.589877963
         975   30.6305294      0.955608130     -0.843405128
         976   30.6619453      0.925189078      -1.09221375
         977   30.6933613      0.887048960      -1.33465362
         978   30.7247772      0.841415763      -1.56892538
         979   30.7561932      0.788576424      -1.79307163
         980   30.7876091      0.728881836      -2.00498271
         981   30.8190250      0.662751198      -2.20242119
         982   30.8504410      0.590675533      -2.38306499
         983   30.8818569      0.513219297      -2.54456925
         984   30.9132729      0.431020051      -2.68464470
         985   30.9446888      0.344785124      -2.80114889
         986   30.9761047      0.255285621      -2.89218259
         987   31.0075207      0.163347274      -2.95618439
         988   31.0389366       6.98383972E-02  -2.99201488
         989   31.0703526      -2.43443698E-02  -2.99902058
         990   31.1017685     -0.118292071      -2.97707248
         991   31.1331844     -0.211100042      -2.92657328
         992   31.1646004     -0.301884353      -2.84843445
         993   31.1960163     -0.389797062      -2.74402261
         994   31.2274323     -0.474039346      -2.61508512
         995   31.2588482     -0.553872049      -2.46365929
         996   31.2902641     -0.628623366      -2.29197502
         997   31.3216801     -0.697693288      -2.10236096
         998   31.3530960     -0.760555387      -1.89715922
         999   31.3845119     -0.816756070      -1.67865467
